{
  "asset": {
    "version": "1.1"
  },
  "schema": {
    "id": "cg2metadataV1",
    "classes": {
      "campusElement": {
        "name": "campusElement",
        "description": "Currently a campusElement references either a building or a level of a building",
        "properties": {
          "buildingId": {
            "description": "This should be the official UzK buildingId, but other id/names can be provided if needed.",
            "type": "SCALAR",
            "componentType": "INT8"
          },
          "level": {
            "description": "If this is defined, it means that this campusElement is just this level of the building.",
            "type": "SCALAR",
            "componentType": "INT8"
          }
        }
      }
    }
  },
  "root": {
    "boundingVolume": {
      "box": [
        0,
        0,
        0,
        10000,
        0,
        0,
        0,
        10000,
        0,
        0,
        0,
        200
      ]
    },
    "children": [
      {
        "boundingVolume": {
          "box": [
            -2.847196578979492,
            -26.84568977355957,
            15.210085868835431,
            63.77799987792969,
            0,
            0,
            0,
            61.74651622772217,
            0,
            0,
            0,
            15.210085868835467
          ]
        },
        "content": {
          "uri": "tileset__310.json"
        },
        "metadata": {
          "class": "campusElement",
          "properties": {
            "buildingId": "310"
          }
        },
        "refine": "ADD",
        "transform": [
          0.999814037737297,
          0.019284320929736795,
          -0.00007006940430596097,
          0,
          -0.019284319181998785,
          0.9998140399002815,
          0.000025533607839911543,
          0,
          0.00007054877248061087,
          -0.000024177618794751776,
          0.9999999972191568,
          0,
          450.88024528953247,
          -154.10753512569136,
          -0.017767499200999737,
          1.0000000000000002
        ]
      },
      {
        "boundingVolume": {
          "box": [
            1.9688987731933594,
            8.084976196289062,
            19.499999999999943,
            102.3947868347168,
            0,
            0,
            0,
            134.97612380981445,
            0,
            0,
            0,
            9.000000000000059
          ]
        },
        "content": {
          "uri": "tileset__321.json"
        },
        "metadata": {
          "class": "campusElement",
          "properties": {
            "buildingId": "321"
          }
        },
        "refine": "ADD",
        "transform": [
          0.9998465868255398,
          0.017515714437431173,
          -0.00005060696217349531,
          0,
          -0.01751571210394494,
          0.9998465870801774,
          0.00004619104365310989,
          0,
          0.00005140826754186645,
          -0.000045297540358590904,
          0.9999999976526612,
          0,
          328.5524305262952,
          -288.7254250207952,
          -0.014984430745244026,
          1.0000000000000002
        ]
      },
      {
        "boundingVolume": {
          "box": [
            0.12429046630859375,
            -5.828998565673828,
            27.24156286753714,
            142.06063842773438,
            0,
            0,
            0,
            115.45305252075195,
            0,
            0,
            0,
            12.25843713246286
          ]
        },
        "content": {
          "uri": "tileset__322.json"
        },
        "metadata": {
          "class": "campusElement",
          "properties": {
            "buildingId": "322"
          }
        },
        "refine": "ADD",
        "transform": [
          0.9992600339639655,
          0.038462724275738144,
          -0.00005799675157162204,
          0,
          -0.03846271983349349,
          0.9992600329386561,
          0.00007585806512538928,
          0,
          0.00006087154372881598,
          -0.00007357121992662696,
          0.9999999954409652,
          0,
          389.03259608562803,
          -468.9411144801452,
          -0.02909078821539879,
          1.0000000000000002
        ]
      },
      {
        "boundingVolume": {
          "box": [
            -6.240104675292969,
            5.6195878982543945,
            22.260000228881815,
            42.401841163635254,
            0,
            0,
            0,
            46.851447105407715,
            0,
            0,
            0,
            10.420000076293967
          ]
        },
        "content": {
          "uri": "tileset__302.json"
        },
        "metadata": {
          "class": "campusElement",
          "properties": {
            "buildingId": "302"
          }
        },
        "refine": "ADD",
        "transform": [
          0.9984345722519854,
          0.05593207452098965,
          -0.00008928478954424793,
          0,
          -0.05593207352121056,
          0.9984345762067186,
          0.000013657538540545744,
          0,
          0.00008990891547375202,
          -0.00000864227523772465,
          0.9999999959208491,
          0,
          574.6117828596616,
          -55.085583325944754,
          -0.026069392450153828,
          1.0000000000000002
        ]
      },
      {
        "boundingVolume": {
          "box": [
            -3.675591468811035,
            -8.973930835723877,
            10.352099895477295,
            26.61175012588501,
            0,
            0,
            0,
            22.827332735061646,
            0,
            0,
            0,
            4.429078102111817
          ]
        },
        "content": {
          "uri": "tileset__universitaetskindergarten.json"
        },
        "metadata": {
          "class": "campusElement",
          "properties": {
            "buildingId": "universitaetskindergarten"
          }
        },
        "refine": "ADD",
        "transform": [
          0.9971796604060962,
          0.07505145946545735,
          -0.00005748467354280834,
          0,
          -0.07505145811826482,
          0.9971796618447779,
          0.00002524791502889201,
          0,
          0.000059217440196060456,
          -0.000020862398765530976,
          0.9999999980290276,
          0,
          378.4612164523569,
          -132.97641635686523,
          -0.012592855840921402,
          1.0000000000000002
        ]
      },
      {
        "boundingVolume": {
          "box": [
            7.3592634201049805,
            2.7983250617980957,
            6.5000001192092896,
            41.39892864227295,
            0,
            0,
            0,
            33.65562105178833,
            0,
            0,
            0,
            9.700000166893005
          ]
        },
        "content": {
          "uri": "tileset__303.json"
        },
        "metadata": {
          "class": "campusElement",
          "properties": {
            "buildingId": "303"
          }
        },
        "refine": "ADD",
        "transform": [
          0.9996541086576196,
          0.026299301674676038,
          -0.00009887044299953206,
          0,
          -0.026299299789025468,
          0.9996541133899945,
          0.0000203241378152752,
          0,
          0.00009937075566883447,
          -0.000017716884451179915,
          0.9999999949057823,
          0,
          635.0827954452252,
          -112.92691478832057,
          -0.2325546832755208,
          1.0000000000000002
        ]
      },
      {
        "boundingVolume": {
          "box": [
            8.826984405517578,
            -12.165305137634277,
            12.149998664855957,
            53.531131744384766,
            0,
            0,
            0,
            48.880929470062256,
            0,
            0,
            0,
            12.349998474121094
          ]
        },
        "content": {
          "uri": "tileset__107.json"
        },
        "metadata": {
          "class": "campusElement",
          "properties": {
            "buildingId": "107"
          }
        },
        "refine": "ADD",
        "transform": [
          0.9996101892212127,
          0.0279189826947112,
          0.0000032286530222691567,
          0,
          -0.027918982798053438,
          0.9996101884886629,
          0.00003832991518587514,
          0,
          -0.000002157262217389322,
          -0.00003840511447994466,
          0.9999999992601969,
          0,
          -13.787155155499931,
          -244.7933012498579,
          -0.004715528339147568,
          1.0000000000000002
        ]
      }
    ],
    "geometricError": 20000,
    "refine": "ADD",
    "transform": [
      -0.12062712460954786,
      0.9926978879842713,
      0,
      0,
      -0.7706863170115904,
      -0.09364951363581787,
      0.6302954619596158,
      0,
      0.6256929738933811,
      0.07603072923063509,
      0.7763553507467535,
      0,
      3998831.079016911,
      485915.70577487565,
      4928505.253901741,
      1
    ]
  }
}